8 
0 0 0 0 0 0 0 0 0 127 0 0 2 0 2 0 2 2 127 6684864 2 0 3 0 0 0 0 0 1 6688064 2 0 1 0 2 0 2 2 -180 6694072 2 0 0 0 2 0 0 0 4 6691888 2 0 2 0 2 0 0 0 6691896 -1511890512 0 0 0 0 0 0 0 0 2 2007617623 2 2 2 0 2 0 2 0 6691900 4199040 4247424 0 6422188 1996453445 1996765188 6422252 1996450658 8 1996387299 1996387290 1319397734 4199040 4199040 0 4247424 6422208 6422264 6422476 1996411472 969285362 
2 0 2 0 0 2 0 2 6422626 9447976 0 0 2 0 0 2 0 0 16777472 1 0 1 0 0 0 2 0 2 2 9455024 2 0 0 0 0 0 0 0 9437376 0 2 0 2 2 2 0 2 0 6421704 2007522453 2 0 0 0 0 0 0 0 0 0 2 0 0 0 2 0 2 2 -1220891591 16 0 0 0 0 0 0 0 0 6684672 8 -1291845453 2007528519 1677721957 80 1677721957 -355 6685860 6357064 1677721957 6881380 1677721957 -636 1677721957 -355 6685860 2007536329 -1220891567 6688048 6684672 6688056 
3 1 0 1441812 2147352624 9448088 0 9455024 3932200 -702 
1 0 33554434 1310739 1140851527 0 6421796 -702 0 0 
0
0
3
2
1
1
3
-1
0
0.000000
0.000000
3.000000
0.000000